http://www.w3.org/2000/01/rdf-schema#label
http://unodc.publicdata.eu/r/subregion/Australia+and+New+Zealand
Australia and New Zealand
http://unodc.publicdata.eu/r/subregion/Caribbean
Caribbean
http://unodc.publicdata.eu/r/subregion/Central+America
Central America
http://unodc.publicdata.eu/r/subregion/Central+Asia
Central Asia
http://unodc.publicdata.eu/r/subregion/Eastern+Africa

http://unodc.publicdata.eu/r/subregion/Eastern+Asia
Eastern Asia
http://unodc.publicdata.eu/r/subregion/Eastern+Europe
Eastern Europe
http://unodc.publicdata.eu/r/subregion/Middle+Africa
Middle Africa
http://unodc.publicdata.eu/r/subregion/North+America
North America
http://unodc.publicdata.eu/r/subregion/Northern+Africa
Northern Africa
http://unodc.publicdata.eu/r/subregion/Northern+Europe
Northern Europe
http://unodc.publicdata.eu/r/subregion/South+America
South America
http://unodc.publicdata.eu/r/subregion/South-Eastern+Asia
South-Eastern Asia
http://unodc.publicdata.eu/r/subregion/Southern+Africa
Southern Africa
http://unodc.publicdata.eu/r/subregion/Southern+Asia
Southern Asia
http://unodc.publicdata.eu/r/subregion/Southern+Europe
Southern Europe
http://unodc.publicdata.eu/r/subregion/

http://unodc.publicdata.eu/r/subregion/Western+Africa
Western Africa
http://unodc.publicdata.eu/r/subregion/Western+Asia
Western Asia
http://unodc.publicdata.eu/r/subregion/Western+Europe
Western Europe